a = [1,0,0,0
    ;0,1,0,0
    ;0,0,1,0
    ;0.125,0.375,0.875,0.625]
    
b = [1,0,0,0
    ;0,1,0,1
    ;0,0,1,0
    ;0,0,0,1]
    
c = a*b

%disp(c)